200164035.000000
1740914774.000000
1354936441.000000
1344352893.000000
1355369674.000000
1344268614.000000
1343985937.000000
3908651700.000000
1097249455.000000
1427388008.000000
4008663230.000000
251803771.000000
1295360045.000000
1091072458.000000
3896997070.000000
4149127688.000000
3696601975.000000
3884091849.000000
4112823605.000000
3537906447.000000
4086031680.000000
362911173.000000
1290586166.000000
360598051.000000
1041048202.000000
4022298779.000000
339793094.000000
1104773816.000000
853884071.000000
4016944336.000000
341823958.000000
1360407043.000000
1349117891.000000
1197554724.000000
4028573776.000000
1046139598.000000
3920317002.000000
3872664012.000000
4012376261.000000
369791077.000000
1105970565.000000
3912979386.000000
3904895577.000000
4008396863.000000
375242922.000000
1299103069.000000
1342913424.000000
1359695623.000000
335359254.000000
294673923.000000
1076602425.000000
4039818200.000000
1130158307.000000
3025462969.000000
1362306758.000000
3666106064.000000
4012406405.000000
1303535462.000000
1359219688.000000
355363942.000000
1093476959.000000
4110276428.000000
350211744.000000
1119759061.000000
4041705835.000000
1368639906.000000
1091887433.000000
4091663406.000000
1303423701.000000
1355288923.000000
1348846224.000000
3660124203.000000
3911620878.000000
4051360611.000000
3680450771.000000
4113871245.000000
1349147299.000000
