1409818822.000000
1430331477.000000
1433926997.000000
1434389615.000000
1433582177.000000
1443302613.000000
1347282874.000000
1461732189.000000
1363794783.000000
1447440715.000000
1434068484.000000
1478082939.000000
1435267453.000000
1376367780.000000
1395310501.000000
3465622068.000000
1397111403.000000
1376995044.000000
1465366994.000000
1406699177.000000
1428461475.000000
1474720596.000000
1426771019.000000
1486109440.000000
1472171335.000000
1451107486.000000
1426710288.000000
1941673287.000000
1484925236.000000
1450002642.000000
1418916219.000000
1443999993.000000
3535596744.000000
1475684914.000000
1492149956.000000
1384864496.000000
1373379513.000000
1463789213.000000
1418678779.000000
1436426380.000000
1395766138.000000
1351357618.000000
1462182100.000000
1418525175.000000
1475097666.000000
1438043600.000000
1429512985.000000
1449057076.000000
1493116523.000000
1429312863.000000
1476825587.000000
1418694682.000000
1480793989.000000
1414731536.000000
1348920993.000000
1498115405.000000
1476132600.000000
1426546187.000000
1432761444.000000
1443100637.000000
1401700228.000000
1430753528.000000
1423203300.000000
1468235547.000000
1417832335.000000
1429474613.000000
1411122644.000000
1478350255.000000
1440564500.000000
1429886944.000000
3545501006.000000
1410375748.000000
3571127389.000000
3520767461.000000
1402664929.000000
1430337649.000000
1433558003.000000
