1.000000
0.979798
0.989796
0.970297
1.000000
0.950000
0.950000
1.000000
1.000000
1.000000
1.000000
1.000000
1.000000
0.175258
0.009901
0.920000
0.950000
0.950000
1.000000
0.960000
0.323232
0.000000
0.000000
0.000000
0.000000
0.000000
0.000000
0.010000
0.880000
0.960000
0.989583
0.989474
0.959596
0.989583
0.950000
0.950495
0.969697
0.960000
1.000000
0.959596
0.950000
0.989691
0.969697
0.960000
0.969697
0.970000
0.969388
0.989583
0.959596
0.222222
0.000000
0.009901
0.000000
0.009901
0.000000
0.000000
0.010204
0.009901
0.010000
0.000000
0.010000
0.000000
0.000000
0.000000
0.000000
0.009901
0.010000
0.360825
1.000000
0.960396
0.959596
0.960000
1.000000
0.949495
0.950495
0.950000
0.959596
0.969388
0.960000
0.969697
0.960000
0.970000
0.969697
0.989796
1.000000
0.959184
0.950000
0.960396
0.371134
0.009901
0.000000
0.000000
0.000000
0.000000
0.080808
1.000000
0.989691
0.950000
0.949495
0.960000
0.989583
0.080808
0.010101
0.010000
0.000000
0.000000
0.010000
0.640000
1.000000
0.950000
0.959596
0.950000
0.969388
0.979592
0.969388
0.969697
0.960000
0.979798
1.000000
0.979381
0.950000
0.959596
0.969697
0.970000
0.950000
0.979798
0.959184
0.979592
0.040404
0.000000
0.000000
0.010000
0.009901
0.000000
0.000000
0.000000
0.010101
0.000000
0.009901
0.010000
0.000000
0.000000
0.000000
0.010000
0.000000
0.000000
0.000000
0.919192
1.000000
0.969697
0.959596
1.000000
0.979381
0.959596
0.950495
0.950000
0.950000
1.000000
0.989691
0.969697
0.969388
0.960396
0.970000
0.960000
1.000000
0.979381
0.950000
0.960000
0.343434
0.000000
0.000000
0.010000
0.000000
0.000000
0.060000
1.000000
0.969388
0.959184
0.979381
0.950000
0.959596
0.010204
0.000000
0.000000
0.009901
0.000000
0.212121
1.000000
0.959596
0.950000
0.950000
0.950000
0.989583
0.979592
0.950000
0.990000
0.949495
0.950000
0.663265
0.970000
0.969388
0.959184
0.960000
0.969697
0.960000
1.000000
0.950000
0.950000
0.989583
0.080000
0.010000
0.000000
0.010000
0.000000
0.000000
0.000000
0.010101
0.000000
0.000000
0.000000
0.010000
0.009901
0.000000
0.010000
0.000000
0.000000
0.500000
1.000000
0.979798
0.959596
0.950495
0.959596
1.000000
0.960000
0.949495
0.960000
0.950000
0.949495
0.960396
0.960000
1.000000
0.969697
0.950000
0.969697
0.959596
0.960000
0.656566
0.000000
0.000000
0.000000
0.000000
0.010000
0.010204
0.000000
0.030000
1.000000
0.960000
0.950000
0.959184
0.950000
0.890000
0.010000
0.000000
0.010204
0.000000
0.000000
0.777778
1.000000
0.989583
0.969388
0.950495
0.950000
0.959184
0.950495
0.989899
0.979592
0.550000
0.000000
0.000000
0.009901
0.000000
0.350000
1.000000
0.950000
0.959596
0.950495
0.959596
0.969697
0.970000
0.960000
0.917526
0.000000
0.000000
0.000000
0.010000
0.000000
0.010000
0.009901
0.000000
0.000000
0.009901
0.000000
0.000000
0.000000
0.010000
0.060000
1.000000
0.950000
0.969388
0.960000
0.979592
0.950495
1.000000
0.960000
0.950000
0.989583
0.960000
0.979167
0.959596
0.950495
1.000000
0.979381
0.515152
0.000000
0.000000
0.484848
0.952381
0.969697
0.959596
0.551020
0.009901
0.000000
0.000000
0.010101
0.050000
1.000000
0.949495
0.989691
0.950000
0.950000
0.800000
0.010000
0.000000
0.000000
0.010101
0.400000
0.960000
0.959596
0.949495
0.949495
0.959596
0.950495
0.959596
0.980000
0.950000
0.979592
0.950000
0.515152
0.000000
0.000000
0.000000
0.424242
0.969072
0.959596
0.950000
0.950000
0.950000
0.989691
0.950495
0.960000
0.950000
0.858586
0.010000
0.000000
0.000000
0.000000
0.000000
0.010000
0.000000
0.010000
0.000000
0.000000
0.000000
0.009901
0.000000
0.730000
0.949495
0.989583
1.000000
0.979592
1.000000
0.959596
0.959596
0.969697
0.949495
0.950495
0.969697
0.990000
0.950000
0.959596
0.480000
0.020202
0.000000
0.010000
0.000000
0.000000
0.000000
0.000000
0.148515
0.959596
0.959184
0.969697
0.927835
0.000000
0.959596
0.959596
0.959596
0.949495
0.979592
0.760000
0.000000
0.000000
0.000000
0.010101
0.909091
0.950000
0.969697
0.989583
1.000000
0.949495
0.969388
0.990000
0.959596
0.950000
0.454545
0.020202
0.000000
0.000000
0.000000
0.000000
0.280000
0.960000
0.950000
0.950000
0.950000
0.950000
0.816327
0.010000
0.000000
0.000000
0.000000
0.980000
0.950000
0.959596
0.948980
0.080808
0.009901
0.010204
0.000000
0.000000
0.010000
0.000000
0.010204
0.190000
0.950000
0.950000
0.969388
0.969697
0.950495
0.989691
0.950495
0.949495
0.960000
0.950000
0.959596
0.989583
0.960396
0.990000
0.979381
0.950000
0.415842
0.010204
0.000000
0.000000
0.010000
0.000000
0.010000
0.000000
0.000000
0.000000
0.010000
0.010000
0.000000
0.818182
0.950495
0.979381
0.989796
1.000000
0.959596
0.969697
0.950000
0.950000
0.960000
0.606061
0.969697
0.959596
1.000000
0.950495
0.949495
1.000000
0.959596
0.989899
0.950000
0.960000
0.950000
0.420000
0.010204
0.000000
0.000000
0.000000
0.250000
0.960000
0.950000
0.950000
0.989583
0.950000
0.710000
0.010101
0.000000
0.009901
0.000000
0.000000
0.009901
0.000000
0.019608
0.646465
0.969697
0.989583
0.969697
0.404040
0.000000
0.009901
0.010000
0.750000
0.969388
0.950000
1.000000
0.960000
0.950000
0.969697
1.000000
0.950000
0.959596
0.950000
0.959596
0.950000
1.000000
0.950000
0.950000
0.340000
0.000000
0.000000
0.010000
0.000000
0.000000
0.000000
0.000000
0.000000
0.010000
0.009901
0.000000
0.000000
0.010204
0.000000
0.900000
0.950000
0.950495
0.979381
0.969388
0.960000
0.960000
0.979381
0.950495
0.970000
0.979592
0.950000
