1.000000
0.960000
0.980000
1.000000
1.000000
0.950000
0.959596
0.959596
0.950000
1.000000
0.960000
0.950000
0.950000
0.949495
0.970000
0.960000
0.959596
0.752475
0.000000
0.000000
0.000000
0.000000
0.000000
0.306122
0.989474
0.970000
0.950000
0.959596
0.950000
0.811881
0.000000
0.009901
0.000000
0.000000
0.000000
0.009901
0.222222
1.000000
0.989691
0.969388
0.959596
0.969697
0.959596
0.950000
0.960396
0.969388
1.000000
0.950000
0.979167
0.979798
0.960396
0.960000
0.979592
0.950000
0.950000
0.960000
0.949495
0.871287
0.000000
0.000000
0.010204
0.000000
0.000000
0.000000
0.000000
0.000000
0.000000
0.009901
0.000000
0.000000
0.000000
0.000000
0.000000
0.000000
0.000000
0.000000
0.530000
1.000000
0.950495
0.989691
0.959596
0.950000
0.960000
0.969388
0.959596
0.959596
0.960000
0.950495
0.959596
0.960000
0.960396
0.969697
0.959596
0.950495
0.959596
0.979592
0.959596
0.060000
0.000000
0.000000
0.000000
0.010000
0.010000
0.282828
0.950000
0.979592
0.969072
0.970000
0.830000
0.000000
0.000000
0.000000
0.019802
0.000000
0.000000
0.717172
0.950000
0.959596
0.979592
0.959596
0.949495
0.950495
1.000000
0.959596
0.950000
0.960000
0.979381
0.959596
0.969697
0.979798
0.979381
0.950000
0.959184
0.950495
0.770000
0.010000
0.000000
0.000000
0.009901
0.000000
0.000000
0.010204
0.010000
0.000000
0.000000
0.000000
0.000000
0.000000
0.009901
0.000000
0.000000
0.000000
0.000000
0.020000
0.000000
0.990000
0.969697
0.960000
1.000000
0.950000
0.989583
0.959596
0.950495
0.969388
0.960000
0.969388
0.960000
0.979798
0.960000
0.960000
0.959596
0.960000
0.960000
0.959596
0.163265
0.000000
0.000000
0.010000
0.000000
0.009901
0.090909
0.959596
0.950000
0.979592
0.959596
0.989474
0.828283
0.000000
0.010000
0.000000
0.000000
0.009901
0.222222
0.959596
0.959596
0.969697
0.949495
0.960000
0.969697
0.959596
1.000000
0.950000
0.959184
0.960000
0.494949
0.920792
0.959596
0.950495
0.989583
0.960000
0.970000
0.959596
0.950000
0.950495
0.878788
0.000000
0.000000
0.000000
0.010000
0.000000
0.000000
0.020202
0.000000
0.000000
0.000000
0.010000
0.000000
0.000000
0.000000
0.009901
0.000000
0.000000
0.510000
0.969697
0.959596
0.960396
0.959596
0.979592
0.979381
0.949495
0.959596
0.969388
0.960000
0.959596
1.000000
0.960000
0.950000
0.960000
0.960000
0.959596
0.950000
0.561224
0.000000
0.000000
0.010000
0.000000
0.010204
0.000000
0.010000
0.010000
0.989899
0.950495
0.989583
0.959596
0.969697
0.757576
0.000000
0.010101
0.010101
0.009901
0.000000
0.730000
0.969388
1.000000
0.959596
0.979381
0.989691
1.000000
0.959596
0.950495
0.490000
0.000000
0.010000
0.000000
0.000000
0.300000
0.989691
0.949495
0.960000
0.969697
0.959596
1.000000
0.969388
0.989691
0.949495
0.898990
0.000000
0.010000
0.000000
0.000000
0.020000
0.000000
0.000000
0.000000
0.000000
0.009901
0.000000
0.009901
0.000000
0.000000
0.980000
0.950000
1.000000
0.969697
0.979592
0.959596
0.950000
0.959596
0.950495
0.959596
0.950000
0.960000
0.960000
0.990000
0.979592
0.950000
0.438776
0.010000
0.000000
0.346535
0.959596
0.949495
1.000000
0.717172
0.000000
0.010204
0.000000
0.000000
0.000000
0.940000
0.950000
0.950000
0.959596
0.959596
0.720000
0.000000
0.010204
0.000000
0.010000
0.260000
0.960000
0.989474
0.950000
0.949495
0.949495
1.000000
0.950000
0.989899
0.969697
0.969072
0.950000
0.454545
0.000000
0.000000
0.009901
0.262626
0.960000
0.959596
0.950000
0.950000
0.969697
0.916667
0.959596
0.950000
0.950000
0.877551
0.000000
0.000000
0.000000
0.000000
0.010000
0.010101
0.000000
0.000000
0.000000
0.000000
0.019802
0.000000
0.000000
0.550000
0.950000
0.950495
0.960000
0.979592
0.960000
0.950000
0.950000
0.969388
0.960000
0.950000
0.960000
0.959596
0.990099
0.949495
0.969388
0.377551
0.010000
0.000000
0.000000
0.000000
0.000000
0.009901
0.000000
0.010101
1.000000
0.949495
1.000000
0.969388
0.060000
0.910000
0.950000
0.950000
0.960000
0.959596
0.640000
0.000000
0.000000
0.009901
0.000000
0.831683
1.000000
0.950000
0.950000
0.959596
0.950000
0.950000
1.000000
0.959596
0.969388
0.356436
0.010204
0.000000
0.000000
0.010000
0.000000
0.240000
0.979167
0.969697
0.969388
0.959596
0.950000
0.690000
0.000000
0.000000
0.010000
0.000000
0.850000
0.989583
0.959596
0.950000
0.208333
0.000000
0.030000
0.000000
0.000000
0.010989
0.000000
0.000000
0.110000
1.000000
0.960000
0.979381
0.960000
0.959596
0.979798
0.950000
0.950000
0.989583
0.960000
0.959596
0.960000
0.969388
0.990099
0.958763
0.970000
0.310000
0.000000
0.000000
0.000000
0.000000
0.000000
0.009901
0.000000
0.000000
0.010000
0.000000
0.000000
0.000000
0.683168
0.969697
0.989583
0.960396
1.000000
0.949495
0.959596
0.959596
0.989474
0.979592
0.656566
0.979592
0.969388
0.950000
1.000000
0.959596
0.959596
0.950000
0.990000
0.959596
0.969388
0.969388
0.303030
0.000000
0.000000
0.009901
0.000000
0.202020
1.000000
0.979381
0.989691
0.979381
0.979381
0.560000
0.010101
0.000000
0.000000
0.009901
0.000000
0.000000
0.009901
0.000000
0.520000
0.950000
0.989583
0.969697
0.530612
0.009901
0.000000
0.000000
0.683168
0.969388
0.949495
0.950000
0.969388
0.969697
0.979592
0.979592
0.950495
0.949495
0.950495
0.960000
0.989583
1.000000
0.950000
0.950000
0.230000
0.000000
0.010204
0.000000
0.000000
0.009901
0.000000
0.000000
0.009901
0.010000
0.000000
0.000000
0.010000
0.000000
0.000000
0.851485
0.949495
0.959596
0.959184
0.950000
0.959596
0.960000
0.979381
0.959596
0.989796
1.000000
0.959596
