1.000000
1.000000
1.000000
1.000000
1.000000
1.000000
0.526316
0.010000
0.000000
0.010000
0.000000
0.000000
0.010101
0.000000
0.000000
0.009901
0.000000
0.000000
0.000000
0.009901
0.010000
0.000000
0.000000
0.000000
0.010000
0.000000
0.010000
0.000000
0.000000
0.000000
0.010000
0.000000
0.000000
0.000000
0.000000
0.019802
0.000000
0.000000
0.000000
0.000000
0.019802
0.000000
0.000000
0.000000
0.000000
0.009901
0.000000
0.010000
0.000000
0.010000
0.000000
0.000000
0.000000
0.000000
0.000000
0.000000
0.000000
0.009901
0.010000
0.000000
0.000000
0.000000
0.000000
0.000000
0.000000
0.010000
0.000000
0.010000
0.000000
0.000000
0.000000
0.000000
0.000000
0.000000
0.000000
0.000000
0.009901
0.000000
0.000000
0.000000
0.009901
0.000000
0.010000
0.000000
0.000000
0.000000
0.702970
1.000000
0.970000
0.969697
0.960000
1.000000
1.000000
0.894737
0.000000
0.009901
0.010000
0.010000
0.000000
0.000000
0.000000
0.000000
0.000000
0.000000
0.000000
0.010000
0.000000
0.000000
0.000000
0.000000
0.010000
0.009901
0.000000
0.000000
0.000000
0.009901
0.000000
0.000000
0.000000
0.000000
0.000000
0.000000
0.000000
0.000000
0.000000
0.000000
0.000000
0.009901
0.000000
0.000000
0.000000
0.010000
0.000000
0.000000
0.010000
0.000000
0.000000
0.000000
0.009901
0.000000
0.000000
0.010000
0.010000
0.000000
0.000000
0.000000
0.009901
0.051020
0.010000
0.000000
0.000000
0.000000
0.000000
0.010000
0.000000
0.000000
0.000000
0.010000
0.000000
0.000000
0.010000
0.000000
0.010000
0.000000
0.000000
0.000000
0.000000
0.000000
0.010000
0.000000
0.009901
0.000000
0.000000
0.010000
0.554455
1.000000
1.000000
0.959596
0.950980
1.000000
0.959596
0.979381
0.100000
0.000000
0.010000
0.000000
0.000000
0.000000
0.000000
0.010000
0.000000
0.000000
0.000000
0.010000
0.000000
0.000000
0.000000
0.000000
0.010000
0.000000
0.000000
0.009901
0.010000
0.000000
0.000000
0.000000
0.009901
0.000000
0.000000
0.000000
0.000000
0.000000
0.000000
0.000000
0.000000
0.000000
0.000000
0.020000
0.000000
0.000000
0.000000
0.000000
0.000000
0.000000
0.010000
0.000000
0.010000
0.000000
0.000000
0.000000
0.000000
0.009901
0.000000
0.009901
0.000000
0.000000
0.009901
0.000000
0.000000
0.000000
0.000000
0.000000
0.000000
0.000000
0.000000
0.000000
0.000000
0.010000
0.000000
0.000000
0.000000
0.009901
0.010000
0.000000
0.000000
0.000000
0.000000
0.000000
0.000000
0.000000
0.009901
0.010000
0.404040
1.000000
0.969388
0.989691
0.960000
1.000000
0.959596
0.950000
0.316327
0.010000
0.000000
0.000000
0.000000
0.000000
0.010000
0.000000
0.000000
0.000000
0.000000
0.000000
0.010000
0.009901
0.000000
0.000000
0.000000
0.000000
0.000000
0.000000
0.000000
0.000000
0.000000
0.000000
0.010000
0.000000
0.019608
0.000000
0.000000
0.000000
0.010000
0.000000
0.010000
0.000000
0.000000
0.000000
0.010000
0.010000
0.000000
0.000000
0.000000
0.010000
0.000000
0.009901
0.000000
0.000000
0.000000
0.000000
0.000000
0.000000
0.000000
0.009901
0.000000
0.000000
0.000000
0.000000
0.000000
0.010000
0.000000
0.010000
0.000000
0.009901
0.000000
0.000000
0.000000
0.000000
0.010000
0.010000
0.000000
0.000000
0.009901
0.000000
0.000000
0.009901
0.000000
0.000000
0.000000
0.010000
0.000000
0.000000
0.260000
0.960784
0.989583
0.960396
1.000000
0.989474
0.950495
0.959596
1.000000
0.180000
0.000000
0.000000
0.010000
0.010101
0.000000
0.000000
0.000000
0.019802
0.000000
0.000000
0.000000
0.000000
0.000000
0.000000
0.010204
0.009901
0.000000
0.000000
0.000000
0.000000
0.000000
0.000000
0.020000
0.000000
0.000000
0.000000
0.000000
0.000000
0.000000
0.019802
0.000000
0.000000
0.000000
0.000000
0.010000
0.000000
0.000000
0.020000
0.000000
0.000000
0.000000
0.000000
0.000000
0.000000
0.000000
0.000000
0.000000
0.009901
0.010204
0.000000
0.000000
0.000000
0.000000
0.010000
0.000000
0.010000
0.000000
0.000000
0.000000
0.010101
0.000000
0.010000
0.000000
0.000000
0.010000
0.000000
0.000000
0.009901
0.000000
0.000000
0.010204
0.009901
0.000000
0.000000
0.000000
0.000000
0.000000
0.000000
0.190000
1.000000
0.989691
0.989691
1.000000
0.950495
0.950000
0.969697
0.464646
0.000000
0.000000
0.000000
0.009901
0.000000
0.010204
0.009901
0.000000
0.000000
0.000000
0.010000
0.000000
0.000000
0.019608
0.000000
0.000000
0.010204
0.000000
0.000000
0.000000
0.010000
0.000000
0.009901
0.000000
0.000000
0.009901
0.000000
0.010101
0.000000
0.000000
0.019608
0.010000
0.000000
0.000000
0.000000
0.009901
0.010000
0.000000
0.010101
0.010101
0.000000
0.000000
0.000000
0.000000
0.000000
0.010000
0.000000
0.010000
0.000000
0.010101
0.000000
0.010000
0.000000
0.000000
0.010000
0.000000
0.000000
0.010000
0.000000
0.000000
0.000000
0.000000
0.019802
0.000000
0.000000
0.000000
0.000000
0.010000
0.000000
0.010000
0.010000
0.000000
0.010000
0.000000
0.000000
0.000000
0.009901
0.000000
0.000000
0.050000
1.000000
0.979381
0.960000
0.979798
1.000000
1.000000
1.000000
0.570000
0.000000
0.000000
0.000000
0.010000
0.010000
0.000000
0.000000
0.010000
0.000000
0.000000
0.000000
0.010000
0.000000
0.000000
0.000000
0.000000
0.000000
0.000000
0.000000
0.000000
0.010000
0.000000
0.010000
0.000000
0.000000
0.000000
0.000000
0.000000
0.010204
0.000000
0.019802
0.000000
0.000000
0.010000
0.000000
0.010000
0.000000
0.000000
0.010000
0.010204
0.009901
0.000000
0.000000
0.000000
0.000000
0.009901
0.010000
0.000000
0.000000
0.019608
0.000000
0.000000
0.000000
0.000000
0.000000
0.000000
0.000000
0.010000
0.000000
0.000000
0.000000
0.010204
