0.979798
0.960000
0.960000
1.000000
0.989691
0.969388
0.959596
0.653465
0.000000
0.000000
0.010000
0.000000
0.000000
0.010000
0.000000
0.010101
0.010101
0.000000
0.000000
0.000000
0.009901
0.000000
0.000000
0.000000
0.010101
0.000000
0.000000
0.000000
0.009901
0.000000
0.000000
0.000000
0.000000
0.009901
0.000000
0.010101
0.000000
0.000000
0.020202
0.000000
0.000000
0.019802
0.000000
0.000000
0.000000
0.000000
0.000000
0.000000
0.010000
0.000000
0.000000
0.000000
0.010000
0.000000
0.009901
0.000000
0.000000
0.010000
0.000000
0.000000
0.010101
0.000000
0.009901
0.000000
0.000000
0.009901
0.000000
0.000000
0.000000
0.010000
0.000000
0.010101
0.000000
0.009901
0.000000
0.000000
0.000000
0.000000
0.000000
0.000000
0.000000
0.019802
0.000000
0.000000
0.000000
0.010000
0.000000
0.000000
0.870000
0.950000
0.960000
0.960000
1.000000
1.000000
1.000000
0.762376
0.000000
0.000000
0.000000
0.010000
0.010000
0.000000
0.000000
0.000000
0.010204
0.000000
0.019802
0.000000
0.000000
0.000000
0.000000
0.000000
0.000000
0.000000
0.009901
0.010204
0.000000
0.000000
0.000000
0.019608
0.000000
0.000000
0.000000
0.000000
0.019608
0.000000
0.010101
0.000000
0.000000
0.010000
0.000000
0.009901
0.000000
0.000000
0.010000
0.000000
0.000000
0.000000
0.010000
0.000000
0.000000
0.000000
0.000000
0.000000
0.009901
0.000000
0.000000
0.000000
0.010000
0.000000
0.000000
0.010000
0.000000
0.009901
0.000000
0.010000
0.000000
0.000000
0.000000
0.010000
0.000000
0.000000
0.000000
0.010000
0.000000
0.000000
0.000000
0.000000
0.000000
0.010000
0.010000
0.010101
0.000000
0.000000
0.000000
0.000000
0.712871
0.960000
0.989691
0.960000
1.000000
0.959596
0.969388
0.957895
0.009901
0.010000
0.000000
0.000000
0.000000
0.000000
0.000000
0.000000
0.010000
0.010101
0.000000
0.000000
0.000000
0.000000
0.000000
0.000000
0.000000
0.000000
0.000000
0.010000
0.010101
0.000000
0.000000
0.000000
0.000000
0.010000
0.010000
0.000000
0.000000
0.009901
0.000000
0.010204
0.009901
0.000000
0.000000
0.010000
0.000000
0.000000
0.000000
0.019608
0.000000
0.000000
0.000000
0.009901
0.000000
0.000000
0.000000
0.000000
0.000000
0.000000
0.000000
0.010000
0.000000
0.000000
0.000000
0.010000
0.000000
0.000000
0.000000
0.009901
0.010000
0.000000
0.000000
0.000000
0.010204
0.000000
0.000000
0.010000
0.009901
0.000000
0.000000
0.000000
0.000000
0.000000
0.000000
0.020202
0.000000
0.009901
0.000000
0.000000
0.565657
0.960000
0.989796
0.969388
0.950000
0.950000
0.950000
0.979592
0.100000
0.000000
0.000000
0.000000
0.010000
0.000000
0.000000
0.010000
0.009901
0.000000
0.000000
0.000000
0.010000
0.000000
0.000000
0.000000
0.009901
0.000000
0.000000
0.000000
0.010000
0.010101
0.000000
0.010000
0.009901
0.000000
0.000000
0.000000
0.010000
0.000000
0.000000
0.010000
0.000000
0.009901
0.000000
0.000000
0.000000
0.010000
0.010000
0.000000
0.000000
0.010000
0.009901
0.000000
0.010000
0.000000
0.000000
0.000000
0.000000
0.000000
0.000000
0.010000
0.000000
0.000000
0.010204
0.000000
0.010000
0.000000
0.000000
0.000000
0.009901
0.010000
0.000000
0.000000
0.000000
0.010101
0.000000
0.010000
0.010000
0.000000
0.010000
0.000000
0.000000
0.000000
0.000000
0.000000
0.010101
0.010000
0.000000
0.000000
0.420000
0.960000
0.989691
0.960000
1.000000
0.950000
0.989583
0.960000
0.234694
0.000000
0.010000
0.000000
0.000000
0.000000
0.000000
0.000000
0.009901
0.000000
0.009901
0.010204
0.000000
0.000000
0.010000
0.000000
0.010000
0.000000
0.000000
0.000000
0.000000
0.000000
0.010101
0.000000
0.000000
0.009901
0.000000
0.000000
0.010000
0.000000
0.000000
0.000000
0.000000
0.010204
0.010000
0.000000
0.000000
0.009901
0.000000
0.000000
0.000000
0.000000
0.009901
0.000000
0.020000
0.000000
0.000000
0.000000
0.000000
0.010000
0.000000
0.010000
0.000000
0.000000
0.000000
0.010204
0.000000
0.000000
0.000000
0.000000
0.000000
0.010000
0.000000
0.000000
0.010000
0.000000
0.010204
0.000000
0.000000
0.010000
0.000000
0.000000
0.019608
0.000000
0.000000
0.000000
0.010000
0.000000
0.009901
0.000000
0.262626
1.000000
0.969388
0.960000
0.960000
1.000000
1.000000
1.000000
0.340000
0.010204
0.000000
0.000000
0.000000
0.010000
0.000000
0.000000
0.000000
0.000000
0.000000
0.019802
0.010101
0.000000
0.000000
0.000000
0.010000
0.009901
0.000000
0.000000
0.010000
0.000000
0.010000
0.000000
0.000000
0.009901
0.000000
0.010000
0.000000
0.000000
0.000000
0.000000
0.019802
0.000000
0.010204
0.000000
0.000000
0.000000
0.000000
0.010000
0.000000
0.000000
0.000000
0.000000
0.000000
0.010204
0.009901
0.000000
0.009901
0.000000
0.000000
0.009901
0.000000
0.009901
0.000000
0.000000
0.000000
0.000000
0.009901
0.000000
0.010000
0.000000
0.000000
0.000000
0.009901
0.000000
0.000000
0.010204
0.000000
0.010000
0.000000
0.000000
0.010000
0.000000
0.009901
0.000000
0.000000
0.000000
0.010204
0.000000
0.120000
1.000000
0.950000
0.960000
0.989796
0.949495
0.959596
0.950495
0.494949
0.010101
0.000000
0.000000
0.010000
0.000000
0.010000
0.000000
0.000000
0.000000
0.000000
0.000000
0.020202
0.000000
0.000000
0.000000
0.010000
0.000000
0.000000
0.000000
0.000000
0.010000
0.000000
0.000000
0.010000
0.000000
0.000000
0.000000
0.000000
0.000000
0.000000
0.000000
0.000000
0.010000
0.010204
0.000000
0.000000
0.000000
0.000000
0.010000
0.000000
0.009901
0.010000
0.000000
0.000000
0.000000
0.000000
0.010000
0.000000
0.000000
0.000000
0.000000
0.000000
0.010000
0.000000
0.010000
0.000000
0.010101
0.000000
0.010000
0.000000
0.000000
0.000000
