0.051020
0.000000
0.010000
0.000000
0.000000
0.000000
0.000000
0.000000
0.000000
0.010204
0.009901
0.000000
0.000000
0.000000
0.000000
0.010000
0.000000
0.000000
0.000000
0.000000
0.020833
0.000000
0.000000
0.009901
0.000000
0.010000
0.000000
0.000000
0.010000
0.000000
0.010101
0.010101
0.000000
0.000000
0.009901
0.000000
0.010000
0.009901
0.000000
0.010000
0.000000
0.010000
0.000000
0.010000
0.000000
0.000000
0.000000
0.010000
0.000000
0.000000
0.000000
0.010000
0.000000
0.010204
0.010000
0.009901
0.000000
0.000000
0.000000
0.010000
0.000000
0.000000
0.000000
0.000000
0.010204
0.019802
0.000000
0.000000
0.000000
0.000000
0.010000
0.000000
0.000000
0.000000
0.000000
0.010101
0.000000
0.000000
0.000000
0.000000
0.000000
0.000000
0.009901
0.000000
0.009901
0.000000
0.000000
0.000000
0.000000
0.000000
0.000000
0.010000
0.000000
0.010000
0.000000
0.000000
0.000000
0.000000
0.000000
0.000000
0.009901
0.010000
0.000000
0.000000
0.000000
0.000000
0.010000
0.000000
0.020202
0.000000
0.009901
0.000000
0.009901
0.000000
0.000000
0.000000
0.000000
0.009901
0.010000
0.000000
0.000000
0.000000
0.010000
0.000000
0.000000
0.000000
0.000000
0.000000
0.019608
0.000000
0.010204
0.000000
0.000000
0.000000
0.010000
0.000000
0.000000
0.000000
0.009901
0.000000
0.009901
0.000000
0.010000
0.000000
0.000000
0.000000
0.010000
0.010000
0.000000
0.000000
0.000000
0.010000
0.010101
0.000000
0.000000
0.010000
0.000000
0.000000
0.000000
0.000000
0.010000
0.000000
0.000000
0.000000
0.009901
0.000000
0.000000
0.010000
0.000000
0.000000
0.000000
0.000000
0.000000
0.000000
0.010204
0.009901
0.010000
0.000000
0.000000
0.010000
0.010000
0.000000
0.000000
0.000000
0.000000
0.010204
0.000000
0.000000
0.000000
0.010000
0.000000
0.000000
0.009901
0.000000
0.000000
0.000000
0.000000
0.010000
0.000000
0.000000
0.009901
0.000000
0.000000
0.009901
0.000000
0.000000
0.000000
0.010204
0.000000
0.000000
0.000000
0.010000
0.010000
0.000000
0.000000
0.000000
0.000000
0.009901
0.010204
0.000000
0.010000
0.000000
0.000000
0.000000
0.000000
0.009901
0.000000
0.000000
0.000000
0.020000
0.000000
0.000000
0.000000
0.000000
0.010000
0.000000
0.009901
0.010000
0.000000
0.000000
0.010204
0.000000
0.010000
0.000000
0.000000
0.000000
0.000000
0.019608
0.000000
0.000000
0.000000
0.020202
0.000000
0.000000
0.000000
0.000000
0.000000
0.000000
0.010000
0.000000
0.010000
0.000000
0.000000
0.000000
0.000000
0.010000
0.000000
0.000000
0.010000
0.009901
0.000000
0.000000
0.000000
0.010101
0.000000
0.000000
0.000000
0.000000
0.000000
0.000000
0.010000
0.000000
0.000000
0.000000
0.010101
0.000000
0.000000
0.000000
0.009901
0.000000
0.000000
0.000000
0.000000
0.009901
0.000000
0.000000
0.009901
0.000000
0.000000
0.000000
0.000000
0.000000
0.000000
0.000000
0.000000
0.019608
0.000000
0.010000
0.000000
0.000000
0.009901
0.000000
0.000000
0.000000
0.000000
0.009901
0.010000
0.010101
0.000000
0.000000
0.000000
0.009901
0.000000
0.000000
0.009901
0.010000
0.000000
0.000000
0.020202
0.000000
0.000000
0.000000
0.000000
0.000000
0.009901
0.010000
0.000000
0.000000
0.000000
0.010204
0.000000
0.009901
0.010000
0.000000
0.000000
0.000000
0.000000
0.010000
0.000000
0.000000
0.010204
0.009901
0.010000
0.000000
0.000000
0.010000
0.000000
0.000000
0.000000
0.000000
0.000000
0.010204
0.000000
0.000000
0.000000
0.000000
0.000000
0.010000
0.000000
0.000000
0.010000
0.000000
0.000000
0.010000
0.000000
0.010000
0.000000
0.000000
0.000000
0.000000
0.010000
0.009901
0.000000
0.010101
0.000000
0.000000
0.000000
0.000000
0.000000
0.019802
0.000000
0.000000
0.000000
0.000000
0.010204
0.000000
0.000000
0.009901
0.000000
0.000000
0.010000
0.000000
0.000000
0.010000
0.000000
0.010204
0.000000
0.000000
0.000000
0.000000
0.010000
0.009901
0.000000
0.000000
0.000000
0.000000
0.010101
0.000000
0.009901
0.000000
0.000000
0.000000
0.010000
0.000000
0.000000
0.009901
0.010000
0.000000
0.000000
0.010000
0.000000
0.000000
0.000000
0.019608
0.000000
0.000000
0.000000
0.000000
0.000000
0.000000
0.010000
0.000000
0.000000
0.000000
0.000000
0.010000
0.000000
0.009901
0.000000
0.000000
0.000000
0.010000
0.000000
0.000000
0.000000
0.000000
0.000000
0.000000
0.009901
0.000000
0.010204
0.000000
0.000000
0.000000
0.000000
0.000000
0.000000
0.019802
0.000000
0.000000
0.000000
0.000000
0.019608
0.000000
0.000000
0.009901
0.000000
0.000000
0.010000
0.000000
0.009901
0.010000
0.010101
0.000000
0.000000
0.000000
0.000000
0.000000
0.000000
0.000000
0.010000
0.000000
0.000000
0.010204
0.000000
0.000000
0.000000
0.010000
0.000000
0.000000
0.000000
0.000000
0.000000
0.009901
0.000000
0.010101
0.009901
0.000000
0.010000
0.000000
0.000000
0.009901
0.000000
0.009901
0.000000
0.000000
0.010204
0.000000
0.010000
0.000000
0.010101
0.009901
0.000000
0.000000
0.000000
0.019608
0.000000
0.010101
0.000000
0.000000
0.000000
0.000000
0.000000
0.010000
0.000000
0.019802
0.000000
0.000000
0.010204
0.000000
0.000000
0.000000
0.009901
0.000000
0.009901
0.010000
0.000000
0.000000
0.000000
0.020202
0.000000
0.009901
0.000000
0.000000
0.000000
0.000000
0.000000
0.009901
0.010000
0.000000
0.000000
0.009901
0.000000
0.000000
0.000000
0.000000
0.010000
0.000000
0.000000
0.000000
0.000000
0.000000
0.000000
0.010000
0.000000
0.000000
0.000000
0.000000
0.010000
0.000000
0.010000
0.009901
0.000000
0.010000
0.000000
0.000000
0.000000
0.010000
0.000000
0.000000
0.000000
0.000000
0.010000
0.010204
0.009901
0.000000
0.000000
0.000000
0.000000
