185428
138383
137472
137406
137396
137306
137413
185678
175615
137596
137404
137440
137410
137372
137428
137416
137396
137456
137419
137422
137426
158145
137493
137406
137417
137404
137351
137416
137364
137387
137358
137399
137477
137309
137403
162462
137575
137395
137454
137406
137371
137415
137465
137470
137374
137376
137381
137420
157200
137551
137369
137464
137391
137374
137457
137402
137421
137488
137424
137377
137463
137319
155954
137491
137386
137436
137382
137398
137368
137368
137512
137394
137399
137405
137288
137394
138217
137433
137380
137447
137469
137369
137413
137378
137339
137460
137371
137435
137414
157103
137594
137397
137441
137447
137385
137387
137427
137426
137424
137413
137482
137374
137415
156287
137576
137520
137381
137426
137341
137456
137389
137406
137347
137401
137390
137318
160417
137542
137410
137327
137377
137371
137435
137391
137426
137345
137540
137514
137492
137436
156391
137543
137554
137405
137357
137427
137410
137319
137425
137433
137396
137370
137444
156192
137457
137526
137417
137384
137377
137446
137420
137498
137515
137321
137407
137421
137350
155725
137564
137607
137383
137411
137453
137420
137395
137346
137365
137301
137455
137407
156128
137588
137440
137433
137391
137510
137329
137493
137398
137348
137367
137387
137359
137442
155782
137618
137396
137355
137399
137365
137384
137516
137374
137329
137405
137410
137393
167487
137594
137388
137339
137428
137503
137493
137514
137322
137358
137386
137447
137316
137363
157431
137548
137439
137390
137390
137340
137476
137385
137393
137382
137383
137479
137411
156600
137436
137464
137476
137348
137396
137390
137419
137491
137374
137384
137463
137414
137365
155763
137597
137433
137400
137316
137405
137434
137411
137429
137372
137398
137399
137389
155791
137756
137627
137413
137448
137461
137415
137450
137421
137384
137319
137378
137379
137349
155767
137482
137492
137486
137393
137486
137424
137383
137351
137448
137361
137462
137370
137379
155976
137601
137469
137452
137388
137349
137421
137403
137393
137485
137365
137457
137396
155756
137463
137415
137433
137404
137489
137418
137351
137437
137408
137367
137374
137427
137409
155775
137478
137391
137446
137393
137478
137434
137369
137323
137502
137421
137443
137472
155951
137477
137397
137434
137469
137414
137369
137332
137416
137412
137389
137418
137335
137367
155685
137541
137477
137414
137375
137378
137412
137474
137445
137321
137358
137402
137375
155917
137628
137472
137450
137327
137376
137405
137434
137454
137406
137418
137379
137393
137476
156220
137609
137471
137406
137376
137407
137460
137490
137383
137432
137368
137431
137381
156121
137589
137377
137314
137369
137423
137390
137402
137546
137437
137506
137327
137418
137431
155827
137576
137497
137441
137349
137355
137358
137374
137454
137454
137485
137371
137457
137417
138207
137607
137466
137403
137383
137348
137450
137430
137429
137379
137392
137358
137452
155885
137580
137440
137408
137553
137401
137417
137375
137371
137451
137344
137386
137371
137474
156160
137591
137429
137419
137393
137370
137369
137373
137371
137361
137386
137429
137392
155987
137459
137565
137342
137323
137416
137435
137447
137409
137388
137388
137383
137422
137401
155977
137570
137378
137395
137436
137341
137376
137358
137415
137359
137484
137464
137393
155898
137614
137382
137433
137432
137316
137344
137309
137442
137399
137393
137424
137441
137354
155768
137636
137377
137471
137489
137423
137368
137416
137414
137320
137310
137432
137347
155949
137481
137410
137333
137311
