3013642544
3011203643
2994284250
3008021526
2995595456
3008494761
2991804621
2995995377
3007008538
2998667762
3000868652
3001789314
2992606137
3006024388
3006071198
2996230514
3001876328
2990807907
3002033054
3002174330
2999038026
3005586116
2992661222
3000618095
3004999968
2991908394
3007986722
2992044360
2994369137
3008954370
3002390828
2997882344
3003612458
2997392188
3004231289
2992337914
3022002972
2965684302
3014646558
3001488342
3010263488
2991556940
3004749876
2995203476
2999965586
3005238592
3004818114
2986865640
3005646026
2996952200
3011017566
2994680770
2997017776
3000643948
3004205904
3015069589
2978788456
3011100376
2998091948
2996758328
2998416646
3015491994
2968634902
3011331962
3003599776
3004649902
3003697456
2990676279
3007469074
2994929379
2996878296
3003440449
2999834552
3012295962
2977900164
3017316440
2998146844
2991081612
3009033810
2994134032
2998933050
3003132296
2992547570
3005512686
3003433812
3012825246
2986171164
2999767808
2995910600
3001566504
2999819088
3003933276
3010425552
2994735418
2993315984
3000026614
3000739524
3001971556
3001595910
2999377394
3004186566
2992091350
3003031880
2999631844
3003094260
3000099570
3009803836
2988544684
3001338792
2992939502
3003051048
2998153906
3006432344
2997354836
3003637686
2996616798
3006099220
2995865246
2997364880
2998946726
3004956014
2994352980
3005652402
2997630082
3007299271
2994518128
2993742690
3002586334
3015057490
2981009808
3007723934
2998295840
3002510604
3005180984
2998562530
2996788362
3001519420
2997575046
2998997022
3006498146
2997677942
2986359100
3002349396
3010014098
2996804846
2996628894
3008654864
2998616160
2997682250
3003652496
3000988122
2995303338
3003648538
2993732624
3009887460
2999412332
2988076340
3009359046
2992739964
3012242554
2998505402
2990452602
3003430442
3004105562
2995950792
3005281264
2991335888
3004954764
2996347800
3030356101
2961098536
3008296804
3009123152
2998889018
2998020960
2998882878
3013415236
3000048290
2981454914
3011857524
2992348120
3007006202
3000448078
2998870634
2999135908
2995166406
3001027840
3002799494
2993301302
3001388712
3049653020
2957620608
2994612798
3000367832
3009810985
2984754847
3003642988
2997674406
3013881711
3003647950
2986174762
3000267612
3004797868
2990989394
3005167924
2997858986
2997250968
3002990746
2998196616
3196706154
3845016680
2958754860
3007473674
2996125012
2999194134
2994288934
3006021960
3004886620
3001407490
2998187586
3002538090
2993584842
3001896670
2996623732
3009042014
2992036474
3001429676
3000713134
2999556310
3010599216
2987995948
2993117114
3002110082
3000265694
2997370014
3017497796
2979794967
3006811412
3003116184
2995868656
3014863120
2994128784
2993342880
3005187604
2996596548
3003052308
2998491196
3000044882
2994617228
3005213460
2996014306
3004827828
2995386292
3008022314
2990252354
3008013030
3003096136
2994440764
2998633928
3000823156
3002134852
2998610726
2997534734
3004420372
3006326312
2986593102
3006176400
2998129188
2998811412
2998992080
3001898728
3002004258
2998138138
3000826542
2994303416
3004320242
3003879155
3005370380
2992828832
3000327394
3001647848
3000465046
3006131278
2999190382
2988945202
3006947270
2998344302
3000137106
2995694626
2998429248
3010928148
2997502944
3021709028
2976682264
2998503488
3001847034
3004799814
2986612014
3002607456
3001667989
2998100780
2999111926
3002776088
3003216612
3007040464
2993427780
3002200270
2999852104
3002224054
3005870156
2991163772
2994855422
3010507586
2988112554
3007929040
2992356798
3004150918
3003939860
2998090334
2995867256
3000549696
3006460154
2997946738
2993197063
3002151304
3006506542
2995185946
3008523308
2992562710
2996525420
2997470676
3010755868
2998981202
3005355902
3004751346
2978032844
3010750340
2998589409
2999228818
2997824066
3000904376
3005775744
2994498028
3002971624
2998261246
3000974019
3006891634
2995781103
2999103760
3001666656
3002441652
2997953560
2999238678
3000563146
2995492327
2998415172
2997405624
3005412430
3008307854
2995147088
2991223838
3001256186
2996557444
3002857384
2999748828
2997991368
3005480688
2990874108
3002434764
3009953242
2995122220
3000066090
2995240438
3006567299
2995495632
3001484358
3004739370
2993066254
3045831265
2964488618
2988164016
3001545742
2999555168
3005546852
2995610255
3004436736
2996118824
3002868162
3005533264
2987418854
3006623312
2998484578
2998920815
2998586106
3007328002
2993308654
3011477417
2996750704
2995591612
3006891830
2986907596
3009126014
3000225546
2999210992
2996521424
3004774860
2990660508
3004758690
3003343751
2995319220
3004842820
2995329078
3005760106
2991540648
3012431908
2992680058
3002365166
2994095912
3006136428
2996376250
3004713424
3000236912
2999043702
2999695707
3001828200
2999828098
3006778554
2988529318
3010201650
2994938960
3000372708
3004727158
2994130538
2996241710
3007959920
3003943580
2992945988
2996155512
3002006912
3011156486
2979673916
3008880829
3017197780
2992824496
2990413000
3008916268
2990626792
3004866766
3001638782
2989142268
3007262040
3043481230
2946979544
3011203534
2994784066
3001184536
3000966925
2993976537
3049064776
2958163942
3003237611
2993847210
2997163422
3001000663
3000665563
3002300718
2999965594
2999086504
3003832154
2995836434
3005298060
3001005140
2995578566
3000210372
2994998792
3006740086
2999228271
3000091402
3014046588
2976678188
3013715656
2991022834
3002818802
2994757032
3004002374
2994387618
3010315868
2996200088
2999416656
2994743910
3008707134
2996491610
3008937350
2992983652
3004017226
2991683560
3000940502
3004233546
2996704898
3003275300
