1024684
1075534
1015681
1036084
1033951
1015518
1033389
1015488
1033022
1015478
1032716
1015472
1032869
1015469
1032719
1015455
1037990
1015468
1033056
1015650
1032701
1032706
1015477
1032919
1015469
1032595
1015458
1032804
1015523
1032550
1015519
1032588
1015487
1032550
1015488
1032098
1015448
1032713
1015499
1032291
1032482
1015455
1032557
1015492
1032457
1015445
1032514
1015473
1032465
1015427
1032178
1015463
1032500
1015429
1032421
1015408
1032281
1032411
1015416
1032545
1015486
1032396
1015462
1032395
1015392
1032236
1015460
1032352
1015503
1032178
1015468
1032297
1015462
1032388
1015477
1032403
1032104
1015468
1032281
1015460
1032243
1037752
1032551
1015453
1032291
1015454
1031772
1021248
1032179
1015384
1032107
1015460
1032192
1032307
1015500
1031927
1015438
1031881
1015512
1032031
1015487
1032481
1015405
1032208
1015467
1032174
1015461
1032233
1015445
1032046
1015478
1032085
1032248
1015516
1032251
1032050
1032911
1015489
1032855
1015459
1032136
1015445
1032220
1015458
1043680
1015469
1033496
1015487
1032484
1032307
1015510
1032266
1015363
1043039
1015421
1034316
1015694
1032955
1015446
1031972
1015424
1032180
1015538
1032148
1015499
1032293
1015399
1032237
1032325
1015517
1032202
1015483
1031887
1015477
1032476
1015465
1032096
1015435
1032091
1015476
1032080
1015448
1032378
1015462
1032156
1031895
1015459
1032313
1015467
1032048
1015517
1032095
1015523
1032064
1015470
1032087
1015514
1032460
1015473
1032133
1015475
1032107
1015408
1033505
1032164
1015464
1032455
1015446
1032192
1015438
1032285
1015491
1033649
1015492
1032545
1015509
1032340
1015505
1032361
1015496
1032132
1015501
1032069
1031801
1015485
1032002
1015448
1031863
1015528
1032645
1015467
1032316
1015439
1032099
1015497
1032030
1015425
1032212
1015485
1032047
1032203
1015539
1032226
1015470
1032314
1015461
1032244
1015468
1032174
1015456
1032232
1015479
1032015
1015445
1032326
1015510
1031998
1015430
1032143
1032256
1015499
1032168
1015447
1031939
1015427
1031995
1015409
1032133
1015453
1032481
1015479
1032087
1015460
1032375
1015457
1033592
1015468
1015609
1032563
1015444
1032391
1015456
1032383
1015415
1032107
1015385
1032538
1015419
1032073
1015395
1032599
1015432
1032446
1015351
1032140
1032259
1015448
1032182
1015425
1032225
1015437
1032164
1015383
1032091
1015374
1032516
1015387
1032207
1015423
1032125
1015390
1032460
1015472
1032267
1031908
1015391
1032091
1015396
1032152
1015425
1032439
1015427
1032816
1015371
1032326
1015393
1032103
1015381
1032063
1015401
1032030
1032058
1015377
1032229
1015404
1034455
1015388
1032761
1015393
1032364
1015452
1032155
1015425
1032136
1015433
1032327
1015445
1033532
1015399
1032424
1032317
1015368
1032321
1015408
1032506
1015434
1032255
1015412
1033385
1015397
1032305
1015433
1032172
1015412
1032298
1015415
1032372
1015411
1032220
1031935
1015407
1032040
1015432
1032292
1015415
1032249
1015394
1031999
1015405
1032070
1015436
1032385
1015370
1032068
1015517
1032396
1032119
1015367
1032115
1015443
1032079
1015392
1032058
1015378
1032072
1015392
1033008
1015485
1032339
1015374
1032575
1015434
1032187
1015436
1034665
1032295
1015375
1032389
1015394
1032599
1015398
1032541
1015399
1032214
1015373
1032262
1015423
1032012
1015380
1032273
1015415
1032270
1032009
1015468
1032180
1015417
1032661
1015455
1032112
1015389
1032207
1015400
1032262
1015378
1032239
1015455
1032106
1015448
1032341
1015390
1032280
1032334
1015452
1032255
1015410
1032526
1015448
1031951
1015409
1032144
1015356
1031951
1015394
1032382
1015398
1031980
1015448
1032308
1015443
1032284
1032016
1015374
1032025
1015411
1032239
1015448
1032169
1015444
1032067
1015415
1032134
1015424
1032386
1015406
1032217
1015405
1032360
1031874
1015467
1032316
1015402
1032167
1015430
1032174
1015394
1032176
1015470
1032403
1015368
1032245
1015448
1032188
1015396
1032339
1015398
1032158
1032126
1015423
1032313
1015385
1032299
1015465
1032090
1015426
1032205
1015418
1032513
1015405
1032249
1015451
1032330
1015438
1032317
1015438
1032026
1031927
1015409
1033157
1015430
1032307
