3040878177
3007547540
2999056288
3000946710
3002704568
2997462988
2999637658
2999381136
3006435092
2994398844
3004509218
3000714486
3000956084
2997470680
2998843076
3002019940
2998151180
3006760194
2993284248
3003558896
2995347536
2999210978
3001934336
3003044166
2998229554
2998855464
2997672134
3001486850
3006228810
2996210778
3001094896
2999648268
2998903304
3000685782
2997656712
2997112432
3005115678
2996849003
3002022794
3002294412
3001839418
3001786696
2993832074
3000385262
3026093868
2959410054
3014793750
3002359806
2999785582
2998618236
3000385932
3001189650
2999351718
2998631846
3002347734
3000736016
3016906774
2969210917
3011110050
3000960544
3001711222
3003904560
2990651294
3008713964
3009938202
2986057806
3045422438
2955614872
2998695958
2997083538
3008704130
2998004034
2994990436
3003030942
2998830166
3001602080
3002020048
2998843710
3001364152
2994560362
2999992374
3002926582
2998732230
3004754703
2993355819
3000588074
3005845224
3005553240
2991451907
2999542429
2995817176
3013866116
2988523644
3002983650
3002602484
2999079258
2999505586
2997094961
3001289240
3002202039
2998886754
3003444122
2999995890
126381514
3614637026
2965221473
2993450676
3007631196
2995256726
2999465888
3005122976
2998584385
2996248718
3016664204
2969180184
3013868967
3005416083
2994354162
3008832644
2987198933
3005701386
3001097888
2997663810
3001961840
2998580040
3000667910
3001047288
2999983194
3001708074
2999533280
2997167632
3003367718
2997625166
3002434846
2997643351
3000886379
2996587410
2999934020
3005034890
2995524814
3004592200
2995663698
3013542780
2991893799
2994004520
3001661772
2997605464
3003375026
3003240898
2991806396
3001808250
3000067694
2999613860
3001504478
3001199184
3004401474
2992594042
3004819414
2993318336
3003324116
3002559976
2993805340
3002440838
3005290236
2993350894
3003985418
2997305920
3001163866
2997162274
3001736162
3001344898
2997039030
3002254980
2997388684
3001930850
2996240675
3008826504
2996564947
2995542688
3002489667
3002539324
2995173504
2997789249
3002050708
2999772756
3001299640
3001358489
2997309044
3000241644
3003411962
3000016722
2996787490
2997653308
3002850760
2999395052
3001128686
2998419874
2999827414
2999698004
2997565490
3004957420
2995834646
3006514428
2996165508
3000411836
3003854564
2997296807
3001223118
2996330316
3041683870
2959073530
2994647158
3003978374
3003136798
2998425850
2999347014
2999769336
2998320828
3002921992
2994984572
4031471265
2973730292
2994785516
3004633127
2995233088
3002335194
3000894182
2998353656
3000539452
3003991096
2999193064
2993961072
3005864688
2996624632
3001827188
2999228032
2996827037
3002804118
2996398541
2999567124
3008145244
3036224757
2963635330
3044315284
2952726982
2997048320
3004221498
2998234889
3000033860
3004399280
2993637388
3001728286
3000970958
2998001192
3006409004
2991579242
3002823724
3013136388
2980429902
3007467300
2993383398
3004235798
3001383586
2996068500
3001685090
3000302530
2997905730
3005117046
3000799238
2998667408
3000060696
2998755947
3002356578
2995836622
2998726868
3005775224
2996350078
2999180804
2999537769
3010462666
2991517412
2999993884
3001720692
2995459548
3001634690
2999613536
3013702178
2988383980
2994644822
3003200248
3000049444
2999737494
3000459111
2998536008
3002380060
3003820356
2996897672
2997975842
3001907074
3000556558
2997258478
3000944314
3000082095
2996765842
3000925646
3005337234
2999134188
2999396722
3001194596
3004206838
2992086814
3003149122
2997739827
3002942492
2996660824
3015001714
2983734442
3002416398
3005616930
2996276630
2994485926
3006057066
3009172756
2980990098
3005613443
3002819900
2998631140
3001118148
2997326394
3002526454
2998173068
3002749250
3004384974
2994517292
3003110032
2992587276
3006544626
3000185818
2997039028
3000771846
2995705654
3008526608
2995481638
3000988708
3000762195
2995961110
3003777652
2998533892
3000193515
3002578200
3043773258
2951750852
3005167214
2991784242
3007250790
2999273893
2998429910
2997621118
3007218903
2991205888
3004453682
2996544194
2999190446
3003498740
2999091668
2998922694
3008699596
2988977767
3004197620
3018247750
2965950942
3004862814
3010789854
3001349544
2996517858
3003335052
2999456520
2999594430
2996051160
3003705922
2999241092
3003086494
2990164266
3004588064
3002963676
2998756604
3007403788
2993353486
3002331232
2999717256
3000319042
2999755192
2996684060
3000148432
2999734412
3013919256
2984903586
3005153276
3041338922
2957131546
3004913870
2994257874
3004470494
2996507948
2998248478
3572921474
3472149260
2954198392
3001557866
3000217293
2998589952
3002113951
2997904790
3001659186
3000765728
2999002310
3005289896
2994328196
3003529327
2995700660
3000108326
3001896620
3002188146
2997808992
2999500848
2999874890
3003801622
2994156656
3004696598
2996442042
3007225464
2994173728
3005155428
2994184759
3044453898
2956636760
2998270436
3004588108
2996114344
2996629905
3003706019
3004027830
2996995404
2999037454
3002568444
2996553664
3003457098
2995406314
3007786654
2989775382
3010391176
2998435006
3041307242
2957106390
2996208034
2998420932
2999820712
3000508160
3006541758
2991487780
3004176763
2998550006
3005117860
2997368858
2998175872
3005773955
2993501210
3003919522
2997293102
3004600006
2995942979
2997318656
3003958462
2998489694
3002429728
2995496212
2999763126
3002381322
3003429880
2999462376
2996097004
3000999948
3003618930
2999665186
2997622252
3000912342
2999795098
2999972172
3003715822
3038718994
2959271032
2996025798
3005890920
2995782170
3003314135
2997524088
2986179844
3012062926
3001903458
3002659288
