1831612915
1692517394
1707825066
1699913620
1713353824
1701616788
1710693561
1697999198
1708335840
1719014210
1693513950
1707647400
1705915220
1702081466
1708875442
1698199953
1709868736
1705064558
1699569434
1709936448
1702841372
1708244512
1704537810
1702446166
1705102242
1708556788
1706581616
1707987161
1691682494
1716904952
1706890428
1700043158
1701657236
1705327964
1704598112
1710175402
1703688282
1711872046
1700535254
1720298786
1684906954
1708567466
1706537251
1735591136
1725798304
1653172246
1703993648
1706629954
1702109694
1709303750
1703893364
1704587539
1711414226
1695672263
1713254722
1702675682
1706109892
1703128376
1696594836
1720466903
1705799282
1699061523
1756752086
1660409404
1698507601
1707104632
1707924640
1701703354
1700175846
1710165114
1706942964
1702396670
1707322371
1699701516
1722281158
1695688396
1710938838
1697441892
1697865252
1709388947
1706993520
1708433666
1699029612
1698423254
1717775924
1699833473
1714038700
1709934009
1682354832
1716680262
1709107450
1696922032
1712068395
1706090858
1695897086
1708700562
1706067580
1704709274
1704828880
1703193238
1701731810
1710801502
1708285310
1694896766
1711515568
1709880760
1697960426
1704575356
1703783972
1714971960
1706738050
1696331553
1712502928
1698721416
1707731845
1745876891
1660437570
1710222876
1694146428
1714999108
1700000242
1742722080
2670161982
1699128818
1709378118
1710958274
1703049154
1707471687
1704431189
1703859002
1704511997
1692342704
1718507706
1703605344
1733310042
1679557688
1732838848
1672943962
1706762536
1708343332
1729525786
1726069808
1656143794
1703743267
1708653832
1705207954
1705345866
1703455902
1711647690
1704779312
1704562002
1708399782
1701017968
1699674333
1705741012
1705271251
1703998546
1720930518
1690185576
1761303794
1652167918
1699332108
1710760328
1706055108
1697295482
1707351608
1702801071
1706829494
1709814428
1696975894
1707109944
1706605274
1709230561
1700870352
1699275272
1719316832
1695017542
1704551308
1706650612
1697406350
1703541860
1707991094
1709566388
1705137592
1697965374
1707784716
1704227330
1706076746
1703175486
1712585986
1709058794
1696405460
1699781392
1707655421
1706195506
1707701522
1697059274
1705226817
1710272934
1707819592
1699052076
1704591196
1757875268
1653484084
1713378902
1694577748
1701640643
1714945958
1707763042
1692365066
1711272561
1707241002
1702600195
1705872586
1750329742
1658443898
1716438056
1687389444
1708515450
1708432978
1709672133
1701473892
1704741480
1700346652
1704941663
1709596008
1705628270
1708265173
1698816298
1701015790
1670288711
1747828172
1700192605
1704688247
1706080750
1706785030
1703024622
1702385032
1714217404
1697797056
1709837420
1693009606
1720221321
1700847016
1703645132
1703037818
1704071126
1702780674
1705403472
1709964718
1704955650
1701817124
1710122314
1702081724
1702093873
1739310896
1673718694
1698291788
1708577952
1709370260
1704359279
1704329892
1711580424
1694916222
1705553617
1704547472
1704183832
1709286928
1707382778
1697445720
1750019976
1663094738
1701186764
1713936238
1701661344
1702475078
1705623524
1705162822
1707909190
1699002198
1706858996
1697530516
1710952516
1706133798
1713502396
1695358230
1704381983
1716843222
1705468861
1694363716
1721251320
1692714944
1699688508
1711287369
1704636248
1695492525
1706362938
1712499370
1702423644
1703750538
1714002114
1696081686
1701048994
1708834160
1704491536
1706236206
1715272846
1692896322
1710283968
1705084546
1723626462
1691878253
1698932880
1701133405
1703930570
1717852644
1693491734
1708122758
1731691100
1673520220
1705274862
1711970788
1706401058
1700066626
1711858122
1699303998
1714583637
1695028692
1708930532
1696766923
1712131198
1756972218
1650221501
1710146447
1699427008
1710116162
1703333287
1701214606
1706578836
1707670768
1698973300
1706343770
1712724530
1697134462
1713091434
1704786234
1696200916
1711468888
1711851980
1693787942
1702527734
1715226495
1696051912
1705997744
1711940356
1723660464
1686555896
1702820266
1711466550
1694509991
1706650240
1700963338
1705132324
1715745662
1699387700
1702375260
1704442916
1711520978
1703120638
1704146988
1701946301
1702868618
1712261708
1704504735
1700011666
1735415393
1672727256
1714034430
1732692302
1671935960
1700393026
1713642970
1704454065
1714425454
1698862569
1700501632
1716747577
1698346736
1702379464
1706702658
1704215306
1700011404
1704768120
1708784990
1707035584
1704568798
1709051523
1696166071
1718060468
1693438170
1710862114
1705735731
1703123317
1702714558
1705821242
1755544964
1654082008
1702431674
1702259544
1708692710
1700124288
1708633289
1710212328
1705031440
1700388376
1712092915
1697324294
1708939300
1701719048
1705836136
1702228770
1707204734
1714524806
1705216376
1696249686
1707133090
1702098448
1707959712
1707584952
1710214095
1690941412
1711431272
1705541751
1707804248
1699065792
1713619616
1702516241
1700550570
1702518604
1715500019
1702316396
1699472446
1750433594
1661518780
1707167432
1703882958
1705868314
1704427464
1714661934
1691192938
1705512527
1713683288
1703834090
1704411500
1698028998
1709118462
1705471074
1710040587
1700062216
1705875796
1705575428
1708323924
1704857706
1704457478
1701528794
1705046920
1703532960
1705913380
1707415590
1706416386
1706952690
1697432506
1709166356
1701272540
1706140478
1703218032
1706323080
1711685376
1696008671
1707837632
1706383880
1705726712
1713187644
1702351662
1698782842
1709573219
1707807682
1755234377
1649625554
1705101142
1706946481
1707505316
1707912497
1702357474
1707139155
1698320533
1711432408
1698593096
1710735162
1701940301
