1239505883
3482501198
3640700174
2711472380
2688877394
2718276074
2698711866
2705837094
2705662798
2703004925
2705414554
2710041872
2700536003
2711426716
2695418818
2713210668
2698406572
2716359592
2694498032
2713444922
2694349718
2708909976
2707435533
2703618408
2703869305
2706339232
2701959842
2711576784
2702969764
2706515598
2703528492
2709366676
2702050942
2706950848
2712440490
2689398422
2710491296
2706193206
2703517834
2704708638
2710939382
2700207382
2712355084
2700008798
2708957890
2702986922
2716201952
2678940486
2721412870
2704006166
2716092360
2694788906
2705846594
2699437960
2718218450
2709420592
2682919828
2718683008
2705889301
2700645718
2712117154
2693332276
2714406140
2707891324
2698633910
2708475294
2703971804
2703430930
2701379475
2708375228
2707058402
2706627062
2706080180
2704466580
2707591197
2705494000
2704856287
2695397544
2710611452
2706531894
2705529764
2705726950
2699522978
2709873510
2701851170
2708169186
2711140854
2703966126
2704013040
2702059998
2706109608
2710786566
2703588968
2705931170
2703585064
2699720414
2711537068
2708198015
2695327064
2727634116
3689794200
2703016488
2706208506
2702928530
2706820498
2757192280
3653891560
2707952932
2702586516
2706826083
2704218598
2707087747
2702245898
2701483488
2706917726
2713799724
2699944027
2705957678
2702005089
2707252454
2706173070
2707081174
2708872048
2987501851
3415911514
2706988768
2797200302
3607126466
2709272060
2700441992
2708416764
2708390818
2699546884
2704101351
2701989896
2711249730
2701180922
2707267148
2705695064
2705979682
2711112534
2704121766
2699363022
2700067162
2908522414
3500040452
2715123982
2700880339
2703706090
2705644180
2704639956
2703384953
2711449800
2698296814
2707876322
2702467054
2714399182
2698404126
2706986902
2705184689
2706274706
2701610440
2701455948
2710999668
2705712976
2706307970
2704763554
2699950722
2709591533
2707819492
2699216700
2701876252
2712171460
2704092064
2695633492
2715776423
2701967094
2702627482
2712607072
2701553426
2704945470
2699679476
2708312376
2728462858
3681788360
2702231414
2711411960
2703987874
2706657050
2700119602
2708512984
2702130076
2713816792
2694269982
3704721790
2702951123
2706904468
2708387482
2708500958
2697634415
2705720102
2705928127
2709256542
2698067644
2715096059
2700356890
2708258436
2699379335
2705026504
2704164572
2708792238
2704573200
2704700498
2705410569
2702250694
2713671078
2699150460
2704452226
2708153742
2705406944
2708295012
2711007350
2686589116
2714058244
2701673662
2709601012
2705484080
2704450409
2699365408
2719520730
2694472072
2701559790
2710291062
2703950026
2703424018
2705660030
2704958766
2708695190
2704095688
2705048764
2706986022
2703862106
2704959312
2702134142
2710466959
2701573756
2704435788
2712611606
2696269532
2712306682
2698165306
2709836608
2699315908
2709122010
2704291018
2708829160
2693087649
2719734840
2695439562
2707767721
2708096018
3006025344
3400898439
2713200798
2693443798
2713366618
2703790052
2705519904
2705126212
2701908586
2711298192
2703052246
2702513582
2719126536
2676557608
2724008736
2703210079
2703702554
2707259784
2702642078
2710882579
2700582048
2700592334
2711380928
2706070922
2704402696
2706644433
2708500672
2705109740
2701504386
2700868588
2705569680
2701751966
2714864826
2700714886
2702790034
2709229716
2704946998
2700681845
2710513082
2703948510
2701371934
2706580978
2704960222
2708776872
2700835767
2717876230
2696757292
2700046075
2707200790
2704372808
2709191202
2703039146
2703070242
2713830243
2695168768
2712667345
2701393870
2706513058
2712438704
2695681536
3706853671
3703635911
2706977029
2704235224
2708365206
2707783876
2697875136
2708721857
2707455608
2700822858
2705156046
2708588820
2698847954
2709890930
2706577402
2701188925
2706635860
2698803020
2708939280
2706644664
2705537792
2707783751
2706415408
2701713986
2705948442
2703717986
2707541014
2706018282
2704195468
2704566520
2707951828
2706896134
2700910016
2707883788
2701103514
2707550840
2704777006
2705841534
2706591272
2699449106
2710502692
2708196452
2698974694
2705140534
2709107896
2700354372
2705633911
2704917496
2704370578
2707642502
2702095708
2724438032
3697754298
2702224390
2697225956
2708850126
2702596334
2707800566
2704099808
2708806106
2696828800
2715145990
2701885917
2704609980
2703148590
2710238687
2704726216
2706029210
2700956802
2735542900
3975359564
3425509992
2685677196
2708620679
2698686172
2712160960
2707366460
2704105692
2702553240
2704947708
2702448977
2713746698
2693904976
3012436268
3396831084
2717127724
2694977600
2711354314
2699595762
2707645574
2703700111
3008070134
3403841762
2715363830
2695194072
2710626032
2702688432
2708521406
2703061228
2709820190
2699280041
2711680860
2699886094
2709217010
3006797982
3409614820
2709334144
2701291236
2700859020
2710624218
2704049674
2706859128
2703188766
2720499934
3689004302
2709151166
2702816764
2706191448
2707660204
2701149800
2717695860
2695924018
2705755545
2708936592
2702671590
2711206330
2699887972
2708526500
2703798494
2707902292
2701777048
2711472984
2712341082
2690937624
2707853266
2708890226
2705549232
2703615030
2711679376
2695919812
2712628080
2700728170
2707567436
2708107786
2702784682
2709450805
2702832356
2706078988
2704433207
2704010474
2703532896
2709208576
2703818374
2704625361
2713333043
2700824170
2705763880
2703240929
2707618054
2704072232
2706834836
2707599124
2702194957
2708598210
2705364533
2700986656
2716547350
2721014566
2680157960
2708771836
2702585474
2709909220
2699458664
2706305870
2708228748
2703571734
2706828426
2702504958
2710537334
