3221152155
2999302065
3009833149
2993434800
2999496291
2999473968
3002386211
3000871536
3005763332
2993049692
3001471782
3000747796
3000757868
3002491754
3001690767
2998511662
3000069718
3007109460
2995196742
3000141924
2998906214
3011108723
2995759490
2998382797
3000089216
3002385244
3001877378
2999072708
2996558208
2999304971
3004373548
2998678011
3002234030
2998077976
3003941396
3001516020
2996581910
3006012150
2948896137
3047769850
3004937064
2993476945
3005342444
2999995467
3006892104
2993956756
3000854970
2999042674
3003566430
3000629598
2999314978
2999884997
3008522612
2994049512
3001939310
2996611379
3001962524
3000455682
3001933805
2996782758
3000898454
3053954226
2929304153
3019897059
3002633222
3004075220
2996122644
2998776588
3002856964
2998823995
3001367942
3005330622
3005613080
2987148750
3006970662
2999496638
3000348522
2998052662
3001879846
3004539380
2994255001
2999413038
3003078774
2996854616
3009980178
3996180189
2995707653
4003706162
3002389730
2994899022
3003711290
3003728749
3000369361
3000921598
3000368220
2996620884
2997663105
3001082753
3003982643
2997191010
3011428543
2989347422
2994150322
3006781646
3005579370
2993917098
3004718288
3006334844
3000976438
2995147190
2999441686
3000833334
2998072451
3000448588
3003508918
2994379214
3000927376
3069174824
2914563464
3017775804
2999894381
3004926755
2999380988
2999101070
3001046988
3003931306
2996468688
3008635314
2993895139
3002820664
2998701620
2998363549
3001370974
2998756558
3001838206
3002567526
3002333240
2997085041
2999053160
3000031634
2998883276
3003697806
2998486004
3005869918
2994801362
3003890392
2999901536
2995129453
3005333646
2995005676
3004698154
2997461276
3000702977
2999066400
3004302764
2996503746
3002550765
2999128823
3005169592
2996928132
2998685285
3003835978
2997448135
3001102676
3000980184
2996940970
3001503380
3002481257
2999213110
3004493408
2995492334
3000343825
3014377170
2992472880
3000134478
2993639908
2999717865
3000526272
3002886675
2996233192
3006697898
2993940996
3007835000
2995911494
2999257289
3003272156
3047207820
2939585637
3010266794
3002312586
2999939880
2996830334
3002199698
3004649338
3046357466
2932242060
3018028582
3002470082
3023110706
2982895464
2994534689
2997474874
3002642906
3000812251
2998390364
2999646972
3003296868
2996897714
3000794398
2999660954
2993958156
3008822775
3000609070
2996039187
3007577772
2999681960
2997845098
2998468518
2999381746
3000485207
3000939012
3002592934
3001373613
2995785633
3002413455
3002836414
2998526820
2998458832
3001181130
3001519969
2999602828
3001612130
2997559090
3001866132
2998922958
2999934996
3000716200
3000425100
3002407775
2997779170
2999996091
2999669780
3006747794
2995860916
3000246230
2999702830
3001384228
2996954450
3001128442
3000969094
2991780760
3008418192
3000648658
2999010290
2994539088
3006274393
3001612696
3004289256
2996988655
2994524080
3002319636
3000389380
3004897660
2996851480
2999117837
3001190306
3002039705
2998312147
2999188644
2999099757
2997686006
3002529660
2999836390
3006799292
2997212840
3000683952
2998811658
2999620750
2995127314
3032470306
2975445356
2999375849
2995754460
3012006663
2998163730
2996463721
3008530488
2991826190
3002317764
2994468416
3003120133
2998316966
3004961321
2996195568
3001543475
3000881723
3001527378
2998241302
3001308345
3003652201
2993115216
3010367711
2995411868
2998949682
3002135082
2997245682
3000309858
2994850552
3004071594
3002489166
2996252400
3006104180
2994020926
3005619714
3000579870
2996239214
3005365855
2996514632
3001374406
2998364874
2996174756
3003856624
3001263288
3005007166
2994978884
3000372752
3002509398
2996810630
3000271979
3001971098
3002140629
2998100711
3001697614
2996860966
3002200928
3001148851
3004396410
2990601119
3002275140
3001601346
3001602276
2999545054
3002636760
2996373802
3005716057
2993552068
3008332331
2993950968
2999204790
3001931432
3000250340
3000928666
2998322330
2998501030
2995368362
3008003517
3000044277
2998389901
2997508895
3005282618
2999799694
3001469632
2998787190
3001919586
3001497882
2996199086
3004546800
2996560948
3000983402
3003438810
2996399720
3005162386
2996151378
3000066542
2999525533
3003257905
3043816760
2930482690
3025415563
2999135710
2998255278
2999048020
3002929772
2999708569
3002580470
2995077406
3003570264
2996453474
3001451996
2998788256
3001776816
3001329911
2996846374
3003665836
3000375770
2996323771
3004376136
2999563826
3047552760
2931860924
3020829178
2997141362
3003523716
3000721061
2997100202
3007293600
2997405582
2996285232
2998963050
3005854860
2997178642
2999484644
2998442154
3000322095
3000987440
3004034948
3001345700
2999007529
2998801164
3002376268
2997938412
2999759713
2998936786
3001098504
2999991312
3003926864
3004709969
2994131450
2997699894
2997788367
3006581350
2995556129
3002780840
2998273132
3000655829
2997728426
3003297779
3001374590
3004286838
2993248052
2998488870
3002536657
3001361254
2996775240
3002792432
3000246770
3001259742
2995674686
3000523048
3004238145
2997837008
2998626608
3046954681
2937332258
3016024856
3001472268
3003326986
2995258861
2995750064
3003311343
3001984046
3012147446
2993365008
2996190210
2999099790
2998930678
3003016588
2999294799
3004413218
2997780960
2999367386
3004467158
3041548772
2936347878
3015341204
3002351959
3002491499
3001050336
3000728144
2997770300
2999393742
2997993902
2996109924
3007092195
3000104793
2999418848
3003415417
2996193300
2999406640
3003230327
3004088522
2992727280
3048396048
2937007538
3055241552
2940806661
3019641532
2998288216
3007337966
2992775128
