4045839831
4081344624
4101371140
4104147276
4126169874
4115231870
4084644516
4094059380
4093114588
4103178168
4100624415
4097638648
4085565128
4059680764
4150381642
4135409356
4084675326
4098087436
4158903350
4076979090
4066412527
4087512887
4092588898
4172259038
4118354732
4079257699
4095253912
4167635467
4085487408
4164478376
4079519684
4087844883
4134074594
4093532350
4110304596
4098104264
4096882502
4101667341
4107382650
4094517946
4219883282
4088711556
4107700374
4098910255
4086123760
4095871088
4089101426
4100779992
4088490808
4102933258
4095141139
4131244852
4091626395
4102281448
4085191448
4082706056
4091187316
4079920245
4070186545
4097749104
4079371053
4103779478
4128250562
4112627032
4078443668
4140766848
4087362849
4087817458
4103929074
4082640818
4082196962
4109245150
4203682588
4097815504
4108922398
4134736486
4101195846
4087498286
4078482176
4061208738
4104738626
4135288604
4103398591
4087429136
4117089662
4084164312
4168621544
4079137244
4089742522
4081408220
4084158116
4156605316
4121068040
4115456222
4091536756
4081276514
4112464094
4122699682
4087490771
4073922876
4118859676
4082278462
4102317296
4089182493
4079020126
4085885732
4106244318
4091854884
4103826359
4089082531
4112867639
4119576386
4095003474
4098334876
4103521768
4095041526
4106660814
4066975256
4075861725
4111055018
4085484858
4157425442
4100002072
4093938726
4103828756
4109114394
4098143850
4123688544
4118999250
4082043636
4130646040
4098341973
4084402008
4097401241
4141349278
4097174172
4111049568
4073233174
4077769604
4096465562
4145474634
4096014982
4088119068
4121162946
4130801786
796273596
4045950966
4117456848
4100339368
4092313272
4140873599
4122735300
4090543876
4099027762
4101588632
4144863021
4074118432
4102797440
4084409476
4148955508
4092781956
4103160464
4088397758
4097612318
4082573164
4083335914
4127274451
4083103248
4098700487
4137011324
4104830050
4093038006
4132386132
4072034248
4098403836
4084581720
4098691778
4079145856
4093488202
4117681792
4217822676
4095793240
4102867090
4103694822
4107073072
4105359152
4081737640
4094893542
4114508544
4106225546
4085938822
4086885528
4086062498
4098922173
4096817874
4118396108
4105773128
4082468208
4146252287
4095519516
4101463340
4092175426
4096056038
4084365770
4131704470
4086845973
4086944584
4083249778
4117271818
4112368000
4134697010
4079496040
4112346480
4094065132
4082656750
4094676591
4096665292
4099510922
4124350126
4102216010
4087491400
4098980844
4087201952
4095798660
4105353430
4075412796
4133269492
4090567366
4165405955
4123566926
4101058152
4109063496
4088922411
4095903952
4103842044
4165548334
4134614014
4108020744
4118468738
4084918964
4107600268
4095917280
4089032252
4089527708
4103994260
4094878174
4118876312
4121042756
4122752366
4096006754
4122080489
4090488486
4090076504
4082203618
4098980672
4097941064
4109855664
4113607689
4085948118
4082943671
4100079580
4088197656
4087914816
4141196369
4070180347
4118586522
4189140698
4078756432
4135865166
4072177925
4090963518
4076234134
4101338232
4086145080
4129786776
4139374620
4103603257
4099275685
4198395448
4045435798
4123057360
4072550747
4090097620
4106636368
4086243868
4128759516
4127803266
4092655934
4088749379
4092958526
4110568170
4081305698
4091177302
4082707456
4104195888
4137695082
4132105438
4062529149
4108983135
4183691218
4084646310
4080577998
4096504238
4110810272
4151487158
4124128476
4092937989
4079860668
4074646060
4089445535
4085874300
4088879635
4100492728
4090848850
4147632658
4178492362
4079076433
4084303921
4077633882
4092104248
4083654250
4116977464
4083477486
4143385124
4097727170
4102102308
4109196984
4083532080
4085689038
4079338452
4169822264
4098782118
4177789298
4120816822
4111647744
4092261769
4090016718
4081090226
4103659854
4132299012
4093544822
4091381964
4132390850
4105151636
4101596826
4086231700
4148963206
4126328245
4076783774
4112917610
4094676494
4120393830
4116096190
4092545212
4095560930
4097658810
4119196950
4103497762
4079203750
4088660376
4116590158
4125575294
4100814274
4109528546
4094230786
4082990738
4107309230
4083750289
4109230474
4087012768
4093067238
4154277414
4093466026
4086104722
4104223716
4091488672
4099903940
4074769259
4097824206
4084734747
4113380092
4130863648
4100183510
4096157242
4077133495
4086967990
4086094168
4140937148
4086638426
4106408872
4084165728
4118095995
4107134842
4089684618
4094660968
4123999148
4087171238
4101909930
4087215414
4086273550
4094767640
4112255194
4089204624
4092730942
4119359722
4096846036
4078760696
4111030897
4093453452
4089103578
4145132484
1325936452
4078534362
4092773942
4083023794
4096134232
4140285058
4212283824
4086178014
4098843452
4105947862
4127065728
4058005790
4087597842
4107976978
4134559830
4105185325
4149843372
4113876829
4089224818
4095672740
4093482230
4087600938
4102534575
4118041588
4132161176
4097927015
4097869498
4082153326
4091243730
4079057480
4107134787
4099577864
4205394730
4120678404
4093948221
4082070684
4092958872
4094232666
4086839786
4109389414
4091647794
4094555540
4128332118
4106494116
4110097382
4114283242
4101792260
4182838161
4073350018
4095120386
4085211634
4116368932
4086458210
4095513329
4103139808
4161879153
4113312944
4080324958
4085258544
4077254342
4093628811
4117245116
4119247480
4086853894
4082451736
4110437714
4102019758
4097452497
4128465550
4102578142
4075889280
4139701976
4091663480
4102825390
4075246888
4091174142
4088702505
4125304662
4077276745
4095386488
4099490898
4220361072
4086567922
4099052336
4094064380
4148376560
4112233183
4099558308
4084963286
