600114
3086058
1929834
1467006
1557421
1444984
1579041
1375257
1571465
1419062
1514284
1418580
1513759
1410906
1549024
1406566
1509797
1408095
1566306
1405376
1505981
1405691
1503202
1399059
1508763
1390479
1523941
1394690
1493295
1437436
1540312
1369713
1487893
1434421
1560537
1360766
1445088
1439230
1490636
1359149
1435589
1426557
9477960
41560318
1805769
1428973
1481792
1357635
1763136
1524135
1548304
1381537
1581269
1407013
1510818
1358763
1577646
1420448
1486838
1368215
1523158
1392188
1464198
1363883
1521235
1388685
1508826
1360377
1574767
1401392
1514096
1370502
1569686
1392121
1516012
1354759
1517936
1376129
1453404
1362609
1517357
1387410
1508260
1365824
1564411
1386145
1490882
1360032
1560448
1384280
1565668
1409803
1558188
1398945
1507815
1373009
1551048
1384626
1557737
1365809
1531382
1381930
1524619
1397932
1581612
1446442
1523488
1363262
1540168
1429977
1486862
1363154
1534203
1432198
1506388
1354487
1540117
1418983
1498445
1352306
1537479
1423081
1519067
1400209
1543244
1397239
1490235
1399520
1539888
1397637
1498351
1349564
1531088
1390418
1485058
1346637
1533108
1403197
1544933
1350926
1540356
1402581
1528492
1357177
1531676
1387064
1535406
1351176
1543066
1387260
1533622
1353312
1539276
1387997
1544034
1355388
1535491
1397174
2165411
1517101
1640885
1425316
1532018
1372748
1574516
1395417
1498463
1355405
1536006
1388044
1518585
1376368
1545067
1401476
1503126
1368911
1530504
1384532
1508231
1366470
1537388
1381993
1500745
1357720
1534756
1393862
1515463
1363419
1539196
1384058
1496657
1364695
1543185
1378605
1507034
1357585
1542098
1377719
1499496
1381682
1541783
1392627
1551451
1368790
1537162
1385893
1538570
1366109
1536212
1426068
1494802
1372576
1538984
1421377
1497630
1360988
1535090
1430338
1508764
1365543
1540056
1429679
1497861
1361805
1539247
1437121
1553820
1398741
1554979
1425404
1499821
1412288
1540217
1406287
1538834
1354969
1533659
1408803
1567160
1384740
1550313
1398283
1551561
1366457
1531532
1395324
1535235
1341511
1536682
1409884
1530646
1358837
1540466
1399050
1501518
1346876
1530470
1391384
1510256
1342372
1527412
1398030
1497887
1348262
1516167
1396878
1550887
1342975
1543252
1402122
1501902
1347990
1528782
1404857
1521837
1350860
1524804
1411163
1503813
1350764
1528972
1394523
1512283
1350389
1531035
1400281
1503608
1349271
1524804
1394558
1512301
1349016
1527991
1341366
1566959
1388740
1539401
1354763
1515602
1342934
1532940
1394804
1502028
1358335
1533232
1393373
1528286
1379892
1529264
1350788
1502780
1350217
1523251
1486828
7745396
5576650
1559336
1364049
1496077
1325232
1560516
1355894
1518796
1364792
1560366
1405630
1496599
1375269
1558618
1399116
1499204
1379284
1549237
1350170
1495314
1333697
1558416
1353785
1502128
1363733
1561340
1408701
1492370
1381117
1558358
1397210
1498574
1375606
1560396
1350589
1490378
1380952
1553522
1352627
1504351
1423285
1569904
1418637
1504789
1388588
1541919
1403487
1554165
1388827
1540119
1391592
1533624
1444327
1557453
1466455
1506233
1378073
1530944
1417763
1506926
1423784
1535782
1416116
1505205
1352694
1536972
1424173
1529977
1375879
1536805
1407362
1547944
1371734
1530285
1409673
1526948
1375953
1530224
1412941
1544532
1362163
1521573
1411061
1490792
1383911
1525649
1418340
1508672
1364218
1520250
1405802
1488635
1361918
1525979
1414717
1500522
1366665
1525360
1408925
1492182
1365956
1522809
1412787
1508163
1363904
1518544
1408554
1489712
1401725
1560765
1443206
1530510
1373519
1528231
1418740
1499013
1409453
1525906
1409908
1515878
1425783
1532914
1419642
1501591
1412910
1521286
1413289
1511964
1377466
1518435
1446736
1496208
1383157
1502688
1460791
1514376
1389231
1569870
1412325
1508374
1375034
1565735
1411162
1504950
1375836
1570894
1411851
1491852
1383339
1546059
1400365
1510202
1380535
1530615
1390530
1491921
1376630
1523003
1396570
1503403
1374261
1528938
1406240
1493714
1374608
1523321
1399923
1505577
1377306
1524822
1405094
1488708
1376940
1531384
1393382
2337301
1499831
1592840
1456648
1515140
1419804
1539799
1422488
1522708
1425645
